YGSVRK SUOYZAXK QTUZ_XGZOU ZXKKXOTM K JKTYOZE HKGSNKOMNZ HKTJOTM_YZXKTMZN
ATOZY % - SS T/SS2 QM/S3 IS T/SS2
JU1 13.3 0.04 3 14053 675 101 58.4
JU2 12 0.16 2.5 20611 474 100 74.35
JU3 12.8 0.14 3.88 18846 596 99 49.82
JU4 11.7 0.13 2.02 18587 582 100 78.52
JU5 12 0.16 2.13 19299 678 100 79.31
JU6 12.4 0.04 2.98 21695 595 100 64.34
JU7 12.5 0.32 3.67 16523 592 100 58.19
JU8 11.5 0.07 3.67 18333 634 101 88.39
JU9 13.1 0.19 2.44 18628 592 101 33.02
JU10 11.7 0.25 3 15683 540 101 60.28
JU11 13.2 0.2 3.75 18496 605 100 91.86
JU12 11.9 0.11 1.96 19792 646 101 81.88
JU13 12.3 0.03 2.4 20098 618 101 91.02
JU14 12.4 0.06 2.39 15600 624 101 81.3
JU15 13.1 0.03 2.23 18065 589 101 67.08
JU16 14 0.04 4.28 14883 610 100 48.41
JU17 12.6 0.07 2.81 11282 614 102 55.54
JU18 12 0.2 3.18 15731 620 100 75.55
JU19 12.1 0.05 2.02 18878 581 98 79.67
JU20 12.3 0.07 2.39 14199 642 101 70.49
JU21 12.5 0.15 2.41 19119 549 100 80.37
JU22 12.5 0.18 2.06 19467 670 100 86.85
JU23 13.1 0.14 2.77 17343 597 101 60.01
JU24 13.1 0.28 3.65 15069 564 100 55.27
JU25 12.2 0.31 3.06 14728 592 99 74.97
JU26 12.3 0.16 3.48 14707 543 100 59.03
JU27 12.6 0.06 1.64 17602 612 100 77.99
JU29 12.6 0.13 2.18 18700 656 100 65.2
JU30 12.5 0.1 3.92 15469 787 100 60.97
JU31 12.8 0.15 2.42 19109 663 100 80.28
JU32 13.1 0.08 3.52 12835 706 103 70.14
JU33 12.3 0.09 2.92 15130 686 102 75.67
JU34 12 0.21 4.79 18666 654 102 85.95
JU35 12.8 0.14 3.07 15727 594 101 101.53
JU36 12.2 0.12 2.09 17240 658 102 82.06
JU37 12.8 0 2.45 14355 663 102 72.74
JU38 12.4 0.16 4.6 15551 611 99 65.96
JU39 11.8 0.12 3.78 18652 582 100 67.87
JU40 11.6 0.28 2.62 20494 621 98 40.88
JU41 11.8 0.07 3.24 19982 641 100 69.28
JU42 11.5 0.08 2.18 12110 506 101 77.03
JU43 11.9 0.34 2.72 11400 596 100 42.23
JU44 12 0.28 4.22 14695 511 102 48.48
JU45 12.7 0.11 4.26 12215 552 101 30.54
JU46 12.1 0.29 2.83 12674 565 101 48.79
JU47 12.2 0.53 3.93 9134 564 101 28.6
JU48 11.9 0.24 2.09 13941 607 103 61.62
JU49 12 0.59 4.52 11511 555 102 30.46
JU50 12.6 0.33 2.7 14685 579 100 59.56
JU51 13 0.21 3.67 12127 554 101 50.48
JU52 11.8 0.4 4.35 14669 573 100 53.4
JU53 11.9 0.39 5.13 11743 520 100 47.96
JU54 12.4 0.25 2.97 11078 517 101 46.61
JU55 11.9 0.5 2.83 12686 468 105 53.92
JU56 12.2 0.19 2.5 11025 583 104 30.93
JU57 13.2 0.05 5.05 14478 507 101 64.95
JU58 12.1 0.1 5.88 9602 509 104 53.23
JU59 11.9 0.28 3.58 12224 552 101 52.46
JU60 12.7 0.1 3.55 14675 579 101 64.4
JU61 13.8 0.05 3.62 9818 561 103 56.32
JU62 12.2 0.3 3.07 11115 524 101 47.5
JU63 12.3 0.25 4.83 12700 472 102 26.62
JU64 12 0.33 2.89 11390 484 103 49.45
JU65 13.3 0.2 2.79 13208 574 103 48.02
JU66 12.8 0.17 3.54 13324 502 103 73.5
JU67 13 0.18 4.68 12848 490 102 48.75
JU68 12.8 0.19 4.36 9858 493 101 35.86
JU69 11.9 0.38 4.9 11235 485 102 34.02
JU70 12.1 0.31 4.68 10600 514 101 47.33
JU71 12.8 0.15 2.22 16265 687 102 67.52
JU72 12.3 0.51 3.78 16451 596 102 39.46
JU73 12.8 0.21 4.14 12544 565 102 43.41
JU74 12.1 0.36 3.72 12757 579 101 38.76
JU75 12 0.33 4.75 13416 578 102 36.77
JU76 12.5 0.58 3.36 12969 538 101 44.15
JU77 13.3 0.34 2.91 13718 600 102 59.46
JU78 12.6 0.32 2.21 15009 555 101 54.61
JU79 13.4 0.17 3.68 8659 529 101 48.82
JU80 12.3 0.25 3.25 14431 488 101 46.31
JU81 12.7 0.18 2.7 14702 570 100 69.3
JU82 12.4 0.39 3.95 14738 566 103 38.82
JU83 11.9 0.46 2.9 10310 495 102 35.29
JU84 11.9 0.12 3.83 11037 525 102 53.38
JU85 13 0.16 4 12591 470 102 57.88
JU86 11.8 0.36 2.97 12782 536 103 41.11
JU87 12.7 0.2 2.03 15171 508 104 71.64
JU88 12.9 0.37 3.08 9778 465 103 30.87
JU89 13 0.16 2.5 12208 540 104 57.96
JU90 12.3 0.39 3.65 16410 564 101 55.05
JU91 12.5 0.19 4.5 15219 511 99 72.11
JU92 12.3 0.29 3.63 14257 530 101 67.93
JU93 12.6 0.09 4.43 13100 569 103 62.72
JU94 11.8 0.18 4 14852 498 102 51.45
JU95 12.3 0.13 5.84 13073 496 100 40.52
JU96 13.5 0.06 2.39 14091 617 101 53
JU97 12.9 0.46 2.05 19475 655 100 53.85
JU98 12.7 0.43 3.63 14002 543 101 57.28
JU99 11.9 0.23 2.54 11410 507 101 40.18
JU100 13 0.35 2.72 13088 490 193 31.18
JU101 13.1 0.3 2.98 17478 598 193 54.02
JU103 13.2 0.44 3.22 15728 666 193 31.44
JU104 14.3 0.09 3.78 16351 595 193 49.12
JU105 14.1 0.27 2.58 17259 570 194 31.78
JU106 14 0.16 4.29 14733 555 193 52.82
JU108 14.2 0.18 3.08 16040 684 193 55.01
JU109 15.1 0.17 3.69 16461 628 193 50.89
JU110 14.7 0.19 2.85 18761 644 192 57.18
JU112 12.4 0.33 2.67 17336 605 193 36.07
JU113 14.6 0.27 3.14 15742 644 193 49.11
JU114 15.4 0.24 3.33 19415 682 193 64.84
JU115 15.3 0.19 2.4 15873 617 193 31.35
JU116 13.4 0.5 2.37 13985 596 193 20.42
JU117 15.3 0.45 2.79 15934 616 192 35.03
JU118 15.3 0.22 4.11 14966 643 193 49.62
JU119 14.8 0.3 3.04 13729 562 193 30.14
JU120 14.3 0.14 3.71 15969 591 193 43.46
JU121 14.5 0.28 5.42 12263 545 193 23.94
JU122 14.7 0.19 3.41 21654 716 193 75.49
JU123 14 0.31 4.5 11813 529 193 25.6
JU124 15.3 0.24 4.4 14934 602 193 47.46
JU125 16 0.24 4.08 15754 621 193 43.08
JU126 15 0.33 3.78 16232 652 193 44.37
JU127 14.7 0.43 3.93 13977 675 192 42.47
JU128 15.3 0.39 3.02 16219 656 192 37.95
JU129 15.2 0.14 3.29 16604 623 192 34.73
JU130 15.1 0.11 3.07 17458 633 193 65.25
JU131 14.4 0.2 3.67 18451 695 192 57.06
JU132 13 0.36 3.45 12456 553 193 36.06
JU133 14 0.29 2.72 12797 478 193 36.76
JU134 14.2 0.16 5.79 11528 524 192 39.7
JU135 13.3 0.21 3.5 19409 673 192 57
JU136 14.4 0.24 4.17 18428 656 192 50.58
JU137 14.5 0.15 2.95 20884 706 190 57.9
JU138 14.1 0.29 4.18 13553 607 192 31.43
JU139 12.6 0.23 3.26 17860 642 133 69.42
JU140 13.3 0.15 4.71 14297 542 134 58.9
JU141 13.6 0.11 4.8 14338 537 133 44.32
JU142 13.1 0.16 3.34 17886 610 134 76.41
JU143 14.4 0.3 3.32 17160 572 134 63.44
JU144 12.8 0.22 1.98 19151 585 135 69.31
JU145 12.7 0.24 3.64 20519 678 133 88.35
JU146 13.8 0.16 2.94 19914 634 134 64.82
JU147 14.2 0.14 3.35 19464 642 134 58.65
JU148 12 0.08 2.36 18347 637 134 75.45
JU149 11.9 0.2 5.11 16239 577 134 60.05
JU150 13.6 0.24 2.82 17120 580 134 45.25
JU151 13 0.26 4.47 16519 593 133 66.16
JU152 12.8 0.29 1.66 18819 659 133 51.34
JU153 13.5 0.17 2.63 17802 636 133 57.67
JU154 13.6 0.32 4.64 15637 572 134 52.44
JU155 14 0.11 3.35 13189 690 134 65.44
JU156 12.7 0 4.5 18121 606 133 64.92
JU157 14 0.29 4.29 14716 553 134 46.88
JU158 13.6 0.32 3.34 16252 624 134 52.63
JU159 13.7 0.29 4.23 15005 539 134 57.12
JU160 13.8 0.35 2.88 20092 657 132 63.18
JU161 13.1 0.15 2.89 20130 656 134 71.53
JU162 13.3 0.35 4.55 14903 539 133 43.45
JU163 13.4 0.3 3.31 15684 580 134 44.39
JU164 11.8 0.36 4.55 13738 576 134 39.11
JU165 11 0.28 3.83 18110 596 133 61.44
JU166 12.8 0.24 3.66 15998 624 134 33.38
JU167 13 0.08 3.83 17176 592 134 57.76
JU168 12.6 0.4 4.1 17531 632 134 60.53
JU169 14 0.21 2.16 20040 651 134 49.48
JU170 12.9 0.05 2.66 18262 636 134 86.46
JU172 12.5 0.08 2.46 18309 603 134 51.1
JU173 14 0.09 2.37 18193 624 134 82.79
JU174 13.3 0.33 2.33 16992 617 133 30.63
JU175 13.1 0.11 2.67 18909 667 134 75.72
JU176 12.8 0.06 2.51 19259 599 132 74.33
JU177 12.5 0.06 3.21 16769 605 133 52.47
JU178 13.5 0.29 4.87 14539 543 134 36.01
JU179 11.8 0.12 2.26 18605 594 133 80.97
JU180 13 0.34 2.54 16645 632 132 30.14
JU181 13.8 0.15 2.52 20190 660 133 61.46
JU182 12.4 0.1 2.87 18680 603 133 79.53
JU183 13.2 0.16 4.83 14596 565 136 47.43
JU184 13 0.09 3.42 17012 640 136 68.75
JU185 13.5 0.14 3.82 15838 605 136 69.19
JU186 13.2 0.4 5.25 13135 565 137 48.34
JU187 13.6 0.38 3.51 12950 575 137 49.44
JU188 14 0.3 4.15 13794 622 137 48.32
JU189 13.7 0.14 5.54 12733 544 137 61.49
JU190 13.4 0.32 5.58 12322 532 137 36.16
JU191 12.8 0.25 4.27 12366 523 137 42.83
JU192 13.4 0.36 4.4 12265 508 137 30.71
JU193 12.7 0.43 4.67 11848 541 137 19.34
JU194 13.3 0.15 4.71 12271 498 137 53.6
JU195 13.4 0.42 4.67 12725 536 137 21.77
JU196 12.5 0.26 4.45 11012 625 137 21.87
JU197 13.9 0.41 5.13 13310 522 137 44.09
JU198 14.1 0.34 4.61 12646 550 137 46.17
JU199 13.8 0.27 4.77 11584 534 137 41.86
JU200 13.2 0.44 4.75 10305 485 137 34.42
JU201 13.6 0.21 5.17 12855 602 137 49.37
JU202 14.5 0.13 5.22 12202 545 137 54.82
JU203 13.4 0.35 3.96 14163 613 136 24.92
JU204 14.5 0.28 6.13 11568 559 137 41.16
JU205 13.9 0.26 5.64 11267 563 137 23.08
JU206 12.9 0.26 4.4 12143 559 137 34.97
JU207 13.9 0.44 4.5 13831 581 136 15.66
JU208 14.1 0.25 3.65 13987 546 137 61.47
JU209 14.1 0.24 3.87 15014 599 137 42.56
JU210 14.5 0.41 6.05 10785 593 137 16.33
JU211 12.9 0.28 4.16 11185 574 137 37.77
JU212 12.6 0.2 6 9406 509 137 36.77
JU213 13.3 0.12 3.22 12947 591 137 32.52
JU214 13.5 0.22 3.04 16032 626 137 48.7
JU215 13.4 0.43 5 12956 540 137 47.52
JU216 14.7 0.24 4.54 14016 639 137 53.92
JU217 12.1 0.45 4.59 11526 538 136 40.92
JU218 13.6 0.24 3.1 11894 565 172 54.36
JU219 14.7 0.22 2.32 11988 533 172 44.12
JU220 13.9 0.13 6.69 10493 526 172 22.73
JU221 14.2 0.24 3.24 11181 540 173 46.57
JU222 13.9 0.49 6.41 10072 468 171 25.76
JU223 13.5 0.25 4.3 12862 547 172 51.34
JU224 13.5 0.49 5.61 11007 526 172 31.15
JU225 14.4 0.04 3.83 13830 586 172 74.24
JU226 13.1 0.23 6.44 9877 471 172 28.32
JU227 14.6 0.26 3.78 13268 599 173 49.15
JU228 15.3 0.29 5 12437 552 172 41.1
JU229 13.6 0.36 3.5 16104 603 172 20.36
JU230 15.2 0.18 3.87 13746 604 173 48.34
JU231 14.7 0.24 4.85 13040 617 171 62.04
JU232 16 0.18 7.07 10831 583 172 40.92
JU233 14.5 0.27 8.36 9021 509 172 31.24
JU234 15 0.37 3.04 13848 619 172 52.21
JU235 14.8 0.24 7 8607 503 172 23.8
JU236 14.6 0.45 6.92 11269 506 171 31.82
JU237 13.6 0.34 6.07 9323 589 171 26.3
JU238 14.6 0.49 5 11680 509 171 40.45
JU239 14.9 0.29 5.11 11313 566 175 41.63
JU240 14.8 0.24 4.33 12076 614 171 35.42
JU241 13.4 0.25 4.5 11485 544 171 37.6
JU242 14.2 0.1 3.15 11603 567 168 51.95
JU243 13.9 0.21 6.5 11355 483 167 38.39
JU244 14.4 0.23 3.54 13522 599 166 59.75
JU245 15.5 0.04 2.85 14244 585 167 63.53
JU246 13.8 0.25 2.48 14385 543 167 49.7
JU247 12.8 0.18 5.25 11334 530 161 43.74
JU248 14.9 0.27 4.05 14026 513 167 54.35
JU249 13.1 0.11 3.03 12439 538 167 56.11
JU250 12.9 0.33 5.79 11121 483 167 30.98
JU251 13.1 0.37 4.3 11460 562 167 22.45
JU252 13.5 0.2 3.81 13062 552 161 52.35
JU253 12.3 0.2 3.93 10618 546 167 42.1
JU254 14.2 0.54 4.89 13552 595 167 43.5
JU255 14.5 0.49 4.74 10799 571 167 22.22
JU256 13.2 0.19 3.87 12579 599 167 53.65
JU257 13.9 0.21 2.7 11226 516 167 48.35
JU258 12.9 0.32 5.43 12004 494 167 43.65
JU259 14.6 0.21 3.7 8690 511 168 41.83
JU260 14.1 0.23 4.63 9759 454 167 32.47
JU261 14.5 0.07 1.96 21781 743 167 91.8
JU262 13.5 0.21 4.11 12553 470 166 31.28
JU263 14.7 0.19 2.7 10867 496 167 44.16
JU264 15 0.26 3.77 17494 675 166 51.5
JU265 13.2 0.17 3.54 13721 646 167 41.47
JU266 15.7 0.26 2.48 20121 702 166 42.44
JU267 15.3 0.16 4.57 17044 662 166 70.31
JU268 14.8 0.25 5.23 12700 555 168 33.35
JU269 15.1 0.11 2.53 13075 512 167 57
JU270 14.6 0.48 3.43 14775 528 166 64.24
JU271 16.2 0.39 3.3 10017 674 168 16.25
JU272 15.9 0.16 3.72 19385 737 166 62.79
JU273 14.2 0.27 4.27 11249 500 166 32.47
JU274 15.2 0.19 3.22 12339 654 167 43.73
JU275 15.9 0.08 2.57 21517 720 167 69.48
JU276 16.4 0.08 1.98 22121 691 166 82.81
JU277 15.5 0.17 2.36 19977 665 167 64.88
JU278 15.8 0.23 3.74 11801 657 167 23.14
JU279 13.8 0.24 2.9 13013 581 167 49.13
JU280 15.2 0.05 2.85 17374 623 166 65.79
JU281 13.1 0.25 4.81 9380 592 181 17.39
JU282 15.1 0.05 2.47 17434 611 167 72.08
JU283 14 0.06 3.27 15902 596 167 63.82
JU284 15.5 0.08 3.83 15216 583 166 61.5
JU285 14.4 0.06 2.56 17183 609 167 57.38
JU286 15.2 0.33 4.06 15728 621 167 52.62
JU287 13.9 0.2 2.89 15795 668 165 56.77
JU288 40.9 0.17 3.37 12989 621 167 40.42
JU289 13.8 0.23 4.17 15952 564 160 63.49
JU290 15.1 0.07 2.49 16735 592 166 67.2
JU291 14.8 0.21 3.57 14215 605 166 49.5
JU292 14.2 0.17 3.6 13573 643 165 37.6
JU293 14.3 0.26 3.54 13489 652 166 49.6
JU294 13.4 0.29 2.77 12619 638 164 38.9
JU295 14.2 0.3 3.07 14029 648 165 20.7
JU296 14 0.13 3.58 15570 581 193 49.4
JU297 13.1 0.33 3.29 11004 616 193 34.7
JU298 13.3 0.14 3.96 14492 573 192 49
JU299 13.6 0.26 6.43 8883 620 193 33.7
JU300 14.6 0.34 2.4 9790 781 193 45.7
JU301 14.2 0.26 6.2 12606 525 193 38
JU302 14.4 0.22 4.19 17202 627 192 40.7
JU303 13.5 0.24 4.61 13123 553 191 58.8
JU304 13.2 0.28 3.41 14107 549 193 54
JU305 14.2 0.58 4.12 13145 570 192 55
JU306 14.8 0.23 4.96 11494 565 193 50.9
JU307 14.4 0.23 5.79 11630 537 192 29.3
JU308 14 0.22 5.39 11871 480 192 35.4
JU309 13.8 0.19 4.24 10418 515 193 31.2
JU310 14 0.14 4.7 13819 582 190 57.1
JU311 15.4 0.3 3.54 11469 620 193 41.5
JU312 13.2 0.35 4.52 13731 563 192 28.8
JU313 13.5 0.29 4.29 12104 572 193 33.8
JU314 14.4 0.22 3.68 12220 535 192 53.6
JU315 14.1 0.25 4.04 16237 627 193 41.7
JU316 14.4 0.35 5.67 11164 493 193 30.3
JU317 14.1 0.4 3.68 9882 500 192 17.1
JU318 14.6 0.14 5.28 11866 519 193 30.9
JU319 14.4 0.32 4.09 11045 531 192 33.4
JU320 13.3 0.15 4.55 11579 516 192 32.9
JU321 13.8 0.3 5 10481 449 193 31.2
JU322 11.3 0.23 5.15 13363 532 192 41
JU323 12.8 0.54 5.73 13115 568 192 39.2
JU324 13.9 0.28 3 12559 589 192 61.5
JU325 13.8 0.21 2.9 12572 589 192 55.4
JU326 12.9 0.22 4.29 12339 567 193 53.5
JU327 13.6 0.22 4.81 11808 544 192 56.9
JU328 13.9 0.27 4.17 12292 533 192 31
JU329 12.1 0.33 5.05 9641 490 191 37.6
JU330 13.8 0.26 5.89 10502 535 192 21.6
JU331 14.1 0.4 3.91 9556 491 192 33
JU332 14.2 0.21 4.54 11461 497 192 36.3
JU333 13.7 0.14 7.58 11228 512 191 46.3
JU334 13.5 0.52 3.93 12075 505 193 33
JU335 13.6 0.43 5.82 9469 457 192 29.4
JU336 11.5 0.15 5.06 12456 589 173 40.6
JU337 12.7 0.27 6.43 9706 467 197 36.7
JU339 13.6 0.18 5.88 9449 457 197 26.8
JU340 14.1 0.22 6.17 12908 593 197 35.6
JU342 14.5 0.34 5.72 11753 491 196 37.5
JU343 14.9 0.32 6.61 12879 592 197 26.2
JU344 13.7 0.24 8.2 9296 507 197 25
JU345 13.4 0.25 7.13 9576 489 197 17.1
JU346 14.4 0.19 3.39 13413 580 196 50.9
JU347 13.8 0.62 4.57 13734 553 196 30.2
JU348 14.8 0.37 3.43 12455 539 198 32.7
JU349 13.9 0.26 5.57 12128 521 198 33.4
JU350 13.6 0.14 5.71 11296 506 175 29.3
JU351 13.8 0.33 6.73 11302 506 175 32.8
JU352 14.1 0.26 9 7166 448 175 18.7
JU353 12.2 0.19 4.42 10936 547 197 19.9
JU354 12.6 0.25 5.29 10041 532 175 22.3
JU355 12.8 0.29 6.7 10689 538 175 28.6
JU356 14.1 0.18 5.56 13652 517 175 47.4
JU357 12.7 0.45 7.38 9358 465 197 23.1
JU358 13.1 0.45 4.9 12433 539 175 31.9
JU359 13.9 0.33 5.28 10721 534 174 28.8
JU360 13.4 0.2 7.33 7821 451 175 21.1
JU361 12.9 0.19 5.16 14075 532 175 48.7
JU362 13.5 0.39 8.5 9093 476 197 23.8
JU363 13.7 0.26 4.64 13331 524 174 31.2